10
5
2
3
3
2
2
2
3
3
2
1
10
1
1
1
3
3
3
3
1
2
2
2
3
3
2
1
1
2
2
1
1
15
2
1
3
2
1
3
2
3
2
1
2
3
2
3
2
1
3
3
3
2
1
1
2
2
2
3
3
2
2
3
15
1
3
3
3
3
1
1
3
3
3
3
3
3
3
3
2
2
2
2
2
2
1
1
1
1
1
3
2
2
3
20
2
3
3
3
1
2
2
1
1
1
1
2
3
1
2
2
2
3
1
2
2
2
2
2
2
3
1
1
1
1
1
1
3
2
2
3
1
1
1
2
20
1
3
3
1
1
1
1
1
2
3
1
2
3
1
1
1
1
1
2
2
2
2
1
3
3
1
1
1
2
3
3
2
2
3
1
2
3
3
3
3
25
1
3
3
1
2
2
2
3
1
2
2
2
3
3
3
1
2
2
2
2
2
3
1
2
3
2
2
1
1
2
2
2
2
1
3
3
1
2
2
2
3
3
3
3
2
1
3
3
1
1
30
2
3
1
2
2
1
1
1
3
2
1
3
2
1
3
3
3
3
3
2
1
1
1
3
3
1
1
3
2
2
2
3
1
1
1
2
3
3
2
1
3
3
3
2
2
2
2
3
1
2
2
1
1
2
2
1
3
2
2
3
30
2
3
3
3
1
2
3
3
3
1
1
3
3
3
2
1
1
2
2
1
1
1
3
2
1
1
1
1
1
1
2
3
1
2
3
1
1
3
2
2
3
3
3
3
2
2
3
3
2
2
3
3
2
2
2
2
3
1
2
3
30
1
1
2
3
1
1
1
1
3
2
1
1
1
3
2
1
3
3
3
2
2
3
1
1
1
2
3
3
3
1
1
1
2
2
1
3
2
1
1
2
2
2
3
1
2
3
1
1
3
3
3
2
1
3
3
1
2
2
1
1
