3
7 7
1 2 1 3 2 4 3 4 4 5 5 6 6 7
100 99
1 2 2 3 3 4 4 5 5 6 6 7 7 8 8 9 9 10 10 11 11 12 12 13 13 14 14 15 15 16 16 17 17 18 18 19 19 20 20 21 21 22 22 23 23 24 24 25 25 26 26 27 27 28 28 29 29 30 
30 31 31 32 32 33 33 34 34 35 35 36 36 37 37 38 38 39 39 40 40 41 41 42 42 43 43 44 44 45 45 46 46 47 47 48 48 49 49 50 50 51 51 52 52 53 53 54 54 55 55 56 
56 57 57 58 58 59 59 60 60 61 61 62 62 63 63 64 64 65 65 66 66 67 67 68 68 69 69 70 70 71 71 72 72 73 73 74 74 75 75 76 76 77 77 78 78 79 79 80 80 81 81 82 
82 83 83 84 84 85 85 86 86 87 87 88 88 89 89 90 90 91 91 92 92 93 93 94 94 95 95 96 96 97 97 98 98 99 99 100
1000 999
1 2 2 3 3 4 4 5 5 6 6 7 7 8 8 9 9 10 10 11 11 12 12 13 13 14 14 15 15 16 16 17 17 18 18 19 19 20 20 21 21 22 22 23 23 24 24 25 25 26 26 27 27 28 28 29 29 30 
30 31 31 32 32 33 33 34 34 35 35 36 36 37 37 38 38 39 39 40 40 41 41 42 42 43 43 44 44 45 45 46 46 47 47 48 48 49 49 50 50 51 51 52 52 53 53 54 54 55 55 56 
56 57 57 58 58 59 59 60 60 61 61 62 62 63 63 64 64 65 65 66 66 67 67 68 68 69 69 70 70 71 71 72 72 73 73 74 74 75 75 76 76 77 77 78 78 79 79 80 80 81 81 82 
82 83 83 84 84 85 85 86 86 87 87 88 88 89 89 90 90 91 91 92 92 93 93 94 94 95 95 96 96 97 97 98 98 99 99 100 101 100 102 100 103 100 104 100 105 100 106 100 
107 100 108 100 109 100 110 100 111 100 112 100 113 100 114 100 115 100 116 100 117 100 118 100 119 100 120 100 121 100 122 100 123 100 124 100 125 100 126 
100 127 100 128 100 129 100 130 100 131 100 132 100 133 100 134 100 135 100 136 100 137 100 138 100 139 100 140 100 141 100 142 100 143 100 144 100 145 100 
146 100 147 100 148 100 149 100 150 100 151 100 152 100 153 100 154 100 155 100 156 100 157 100 158 100 159 100 160 100 161 100 162 100 163 100 164 100 165 
100 166 100 167 100 168 100 169 100 170 100 171 100 172 100 173 100 174 100 175 100 176 100 177 100 178 100 179 100 180 100 181 100 182 100 183 100 184 100 
185 100 186 100 187 100 188 100 189 100 190 100 191 100 192 100 193 100 194 100 195 100 196 100 197 100 198 100 199 100 201 200 202 200 203 200 204 200 205 
200 206 200 207 200 208 200 209 200 210 200 211 200 212 200 213 200 214 200 215 200 216 200 217 200 218 200 219 200 220 200 221 200 222 200 223 200 224 200 
225 200 226 200 227 200 228 200 229 200 230 200 231 200 232 200 233 200 234 200 235 200 236 200 237 200 238 200 239 200 240 200 241 200 242 200 243 200 244 
200 245 200 246 200 247 200 248 200 249 200 250 200 251 200 252 200 253 200 254 200 255 200 256 200 257 200 258 200 259 200 260 200 261 200 262 200 263 200 
264 200 265 200 266 200 267 200 268 200 269 200 270 200 271 200 272 200 273 200 274 200 275 200 276 200 277 200 278 200 279 200 280 200 281 200 282 200 283 
200 284 200 285 200 286 200 287 200 288 200 289 200 290 200 291 200 292 200 293 200 294 200 295 200 296 200 297 200 298 200 299 200 301 300 302 300 303 300 
304 300 305 300 306 300 307 300 308 300 309 300 310 300 311 300 312 300 313 300 314 300 315 300 316 300 317 300 318 300 319 300 320 300 321 300 322 300 323 
300 324 300 325 300 326 300 327 300 328 300 329 300 330 300 331 300 332 300 333 300 334 300 335 300 336 300 337 300 338 300 339 300 340 300 341 300 342 300 
343 300 344 300 345 300 346 300 347 300 348 300 349 300 350 300 351 300 352 300 353 300 354 300 355 300 356 300 357 300 358 300 359 300 360 300 361 300 362 
300 363 300 364 300 365 300 366 300 367 300 368 300 369 300 370 300 371 300 372 300 373 300 374 300 375 300 376 300 377 300 378 300 379 300 380 300 381 300 
382 300 383 300 384 300 385 300 386 300 387 300 388 300 389 300 390 300 391 300 392 300 393 300 394 300 395 300 396 300 397 300 398 300 399 300 401 400 402 
400 403 400 404 400 405 400 406 400 407 400 408 400 409 400 410 400 411 400 412 400 413 400 414 400 415 400 416 400 417 400 418 400 419 400 420 400 421 400 
422 400 423 400 424 400 425 400 426 400 427 400 428 400 429 400 430 400 431 400 432 400 433 400 434 400 435 400 436 400 437 400 438 400 439 400 440 400 441 
400 442 400 443 400 444 400 445 400 446 400 447 400 448 400 449 400 450 400 451 400 452 400 453 400 454 400 455 400 456 400 457 400 458 400 459 400 460 400 
461 400 462 400 463 400 464 400 465 400 466 400 467 400 468 400 469 400 470 400 471 400 472 400 473 400 474 400 475 400 476 400 477 400 478 400 479 400 480 
400 481 400 482 400 483 400 484 400 485 400 486 400 487 400 488 400 489 400 490 400 491 400 492 400 493 400 494 400 495 400 496 400 497 400 498 400 499 400 
501 500 502 500 503 500 504 500 505 500 506 500 507 500 508 500 509 500 510 500 511 500 512 500 513 500 514 500 515 500 516 500 517 500 518 500 519 500 520 
500 521 500 522 500 523 500 524 500 525 500 526 500 527 500 528 500 529 500 530 500 531 500 532 500 533 500 534 500 535 500 536 500 537 500 538 500 539 500 
540 500 541 500 542 500 543 500 544 500 545 500 546 500 547 500 548 500 549 500 550 500 551 500 552 500 553 500 554 500 555 500 556 500 557 500 558 500 559 
500 560 500 561 500 562 500 563 500 564 500 565 500 566 500 567 500 568 500 569 500 570 500 571 500 572 500 573 500 574 500 575 500 576 500 577 500 578 500 
579 500 580 500 581 500 582 500 583 500 584 500 585 500 586 500 587 500 588 500 589 500 590 500 591 500 592 500 593 500 594 500 595 500 596 500 597 500 598 
500 599 500 601 600 602 600 603 600 604 600 605 600 606 600 607 600 608 600 609 600 610 600 611 600 612 600 613 600 614 600 615 600 616 600 617 600 618 600 
619 600 620 600 621 600 622 600 623 600 624 600 625 600 626 600 627 600 628 600 629 600 630 600 631 600 632 600 633 600 634 600 635 600 636 600 637 600 638 
600 639 600 640 600 641 600 642 600 643 600 644 600 645 600 646 600 647 600 648 600 649 600 650 600 651 600 652 600 653 600 654 600 655 600 656 600 657 600 
658 600 659 600 660 600 661 600 662 600 663 600 664 600 665 600 666 600 667 600 668 600 669 600 670 600 671 600 672 600 673 600 674 600 675 600 676 600 677 
600 678 600 679 600 680 600 681 600 682 600 683 600 684 600 685 600 686 600 687 600 688 600 689 600 690 600 691 600 692 600 693 600 694 600 695 600 696 600 
697 600 698 600 699 600 701 700 702 700 703 700 704 700 705 700 706 700 707 700 708 700 709 700 710 700 711 700 712 700 713 700 714 700 715 700 716 700 717 
700 718 700 719 700 720 700 721 700 722 700 723 700 724 700 725 700 726 700 727 700 728 700 729 700 730 700 731 700 732 700 733 700 734 700 735 700 736 700 
737 700 738 700 739 700 740 700 741 700 742 700 743 700 744 700 745 700 746 700 747 700 748 700 749 700 750 700 751 700 752 700 753 700 754 700 755 700 756 
700 757 700 758 700 759 700 760 700 761 700 762 700 763 700 764 700 765 700 766 700 767 700 768 700 769 700 770 700 771 700 772 700 773 700 774 700 775 700 
776 700 777 700 778 700 779 700 780 700 781 700 782 700 783 700 784 700 785 700 786 700 787 700 788 700 789 700 790 700 791 700 792 700 793 700 794 700 795 
700 796 700 797 700 798 700 799 700 801 800 802 800 803 800 804 800 805 800 806 800 807 800 808 800 809 800 810 800 811 800 812 800 813 800 814 800 815 800 
816 800 817 800 818 800 819 800 820 800 821 800 822 800 823 800 824 800 825 800 826 800 827 800 828 800 829 800 830 800 831 800 832 800 833 800 834 800 835 
800 836 800 837 800 838 800 839 800 840 800 841 800 842 800 843 800 844 800 845 800 846 800 847 800 848 800 849 800 850 800 851 800 852 800 853 800 854 800 
855 800 856 800 857 800 858 800 859 800 860 800 861 800 862 800 863 800 864 800 865 800 866 800 867 800 868 800 869 800 870 800 871 800 872 800 873 800 874 
800 875 800 876 800 877 800 878 800 879 800 880 800 881 800 882 800 883 800 884 800 885 800 886 800 887 800 888 800 889 800 890 800 891 800 892 800 893 800 
894 800 895 800 896 800 897 800 898 800 899 800 901 900 902 900 903 900 904 900 905 900 906 900 907 900 908 900 909 900 910 900 911 900 912 900 913 900 914 
900 915 900 916 900 917 900 918 900 919 900 920 900 921 900 922 900 923 900 924 900 925 900 926 900 927 900 928 900 929 900 930 900 931 900 932 900 933 900 
934 900 935 900 936 900 937 900 938 900 939 900 940 900 941 900 942 900 943 900 944 900 945 900 946 900 947 900 948 900 949 900 950 900 951 900 952 900 953 
900 954 900 955 900 956 900 957 900 958 900 959 900 960 900 961 900 962 900 963 900 964 900 965 900 966 900 967 900 968 900 969 900 970 900 971 900 972 900 
973 900 974 900 975 900 976 900 977 900 978 900 979 900 980 900 981 900 982 900 983 900 984 900 985 900 986 900 987 900 988 900 989 900 990 900 991 900 992 
900 993 900 994 900 995 900 996 900 997 900 998 900 999 1000 100 1000 200 1000 300 1000 400 1000 500 1000 600 1000 700 1000 800 1000 900 1000